{
  "accessors": [
    {
      "bufferView": 2,
      "componentType": 5126,
      "count": 65532,
      "max": [
        25.55026626586914,
        37.04852294921875,
        22.554542541503906
      ],
      "min": [
        -17.70091438293457,
        -29.560081481933594,
        -25.115140914916992
      ],
      "type": "VEC3"
    },
    {
      "bufferView": 2,
      "byteOffset": 786384,
      "componentType": 5126,
      "count": 65532,
      "max": [
        0.9996081590652466,
        0.9999785423278809,
        0.9999098777770996
      ],
      "min": [
        -0.999954342842102,
        -0.9999449253082275,
        -0.9995824098587036
      ],
      "type": "VEC3"
    },
    {
      "bufferView": 3,
      "componentType": 5126,
      "count": 65532,
      "max": [
        0.999627947807312,
        0.9999144673347473,
        0.9999803900718689,
        1.0
      ],
      "min": [
        -0.9999986290931702,
        -0.9999914169311523,
        -0.9999521970748901,
        -1.0
      ],
      "type": "VEC4"
    },
    {
      "bufferView": 1,
      "componentType": 5126,
      "count": 65532,
      "max": [
        0.99853515625,
        0.9985272288322449
      ],
      "min": [
        0.00146484375,
        0.001472771167755127
      ],
      "type": "VEC2"
    },
    {
      "bufferView": 1,
      "byteOffset": 524256,
      "componentType": 5126,
      "count": 65532,
      "max": [
        0.99853515625,
        0.9985272288322449
      ],
      "min": [
        0.00146484375,
        0.001472771167755127
      ],
      "type": "VEC2"
    },
    {
      "bufferView": 0,
      "componentType": 5125,
      "count": 351177,
      "type": "SCALAR"
    },
    {
      "bufferView": 2,
      "byteOffset": 1572768,
      "componentType": 5126,
      "count": 19262,
      "max": [
        15.726190567016602,
        25.19440269470215,
        8.199012756347656
      ],
      "min": [
        -17.38079833984375,
        -12.0587739944458,
        -11.076075553894043
      ],
      "type": "VEC3"
    },
    {
      "bufferView": 2,
      "byteOffset": 1803912,
      "componentType": 5126,
      "count": 19262,
      "max": [
        0.9959133267402649,
        0.9998688101768494,
        0.9999647736549377
      ],
      "min": [
        -0.9999520778656006,
        -0.9999613761901855,
        -0.9996271729469299
      ],
      "type": "VEC3"
    },
    {
      "bufferView": 3,
      "byteOffset": 1048512,
      "componentType": 5126,
      "count": 19262,
      "max": [
        0.976787805557251,
        0.9997999668121338,
        0.9998065829277039,
        1.0
      ],
      "min": [
        -0.999763011932373,
        -0.9996790885925293,
        -0.9963169693946838,
        1.0
      ],
      "type": "VEC4"
    },
    {
      "bufferView": 1,
      "byteOffset": 1048512,
      "componentType": 5126,
      "count": 19262,
      "max": [
        0.99853515625,
        0.9894452691078186
      ],
      "min": [
        0.011425779201090336,
        0.001472771167755127
      ],
      "type": "VEC2"
    },
    {
      "bufferView": 1,
      "byteOffset": 1202608,
      "componentType": 5126,
      "count": 19262,
      "max": [
        0.99853515625,
        0.9894452691078186
      ],
      "min": [
        0.011425779201090336,
        0.001472771167755127
      ],
      "type": "VEC2"
    },
    {
      "bufferView": 0,
      "byteOffset": 1404708,
      "componentType": 5125,
      "count": 98823,
      "type": "SCALAR"
    }
  ],
  "asset": {
    "extras": {
      "author": "saddlersoft (https://sketchfab.com/saddlersoft)",
      "license": "CC-BY-4.0 (http://creativecommons.org/licenses/by/4.0/)",
      "source": "https://sketchfab.com/3d-models/a-statue-of-alexander-pushkin-60da5f55e03741599ec8c234e03b4083",
      "title": "A statue of Alexander Pushkin"
    },
    "generator": "Sketchfab-12.67.0",
    "version": "2.0"
  },
  "bufferViews": [
    {
      "buffer": 0,
      "byteLength": 1800000,
      "name": "floatBufferViews",
      "target": 34963
    },
    {
      "buffer": 0,
      "byteLength": 1356704,
      "byteOffset": 1800000,
      "byteStride": 8,
      "name": "floatBufferViews",
      "target": 34962
    },
    {
      "buffer": 0,
      "byteLength": 2035056,
      "byteOffset": 3156704,
      "byteStride": 12,
      "name": "floatBufferViews",
      "target": 34962
    },
    {
      "buffer": 0,
      "byteLength": 1356704,
      "byteOffset": 5191760,
      "byteStride": 16,
      "name": "floatBufferViews",
      "target": 34962
    }
  ],
  "buffers": [
    {
      "byteLength": 6548464,
      "uri": "scene.bin"
    }
  ],
  "images": [
    {
      "uri": "textures/Material_0_baseColor.jpeg"
    },
    {
      "uri": "textures/Material_0_normal.png"
    }
  ],
  "materials": [
    {
      "doubleSided": true,
      "name": "Material_0",
      "normalTexture": {
        "index": 1,
        "texCoord": 1
      },
      "pbrMetallicRoughness": {
        "baseColorTexture": {
          "index": 0
        },
        "metallicFactor": 0.0
      }
    }
  ],
  "meshes": [
    {
      "name": "mainMeshNode_Material_0_0",
      "primitives": [
        {
          "attributes": {
            "NORMAL": 1,
            "POSITION": 0,
            "TANGENT": 2,
            "TEXCOORD_0": 3,
            "TEXCOORD_1": 4
          },
          "indices": 5,
          "material": 0,
          "mode": 4
        }
      ]
    },
    {
      "name": "mainMeshNode_Material_0_0",
      "primitives": [
        {
          "attributes": {
            "NORMAL": 7,
            "POSITION": 6,
            "TANGENT": 8,
            "TEXCOORD_0": 9,
            "TEXCOORD_1": 10
          },
          "indices": 11,
          "material": 0,
          "mode": 4
        }
      ]
    }
  ],
  "nodes": [
    {
      "children": [
        1
      ],
      "matrix": [
        0.33060091733932495,
        -0.9204309582710266,
        0.20859017968177776,
        0.0,
        -0.5336081981658936,
        -1.8779018225648358e-16,
        0.845731794834137,
        0.0,
        -0.7784377336502075,
        -0.3909051418304442,
        -0.4911494851112367,
        0.0,
        1.3702349662780762,
        5.410369873046873,
        7.644572257995606,
        1.0
      ],
      "name": "Sketchfab_model"
    },
    {
      "children": [
        2
      ],
      "matrix": [
        1.0,
        0.0,
        0.0,
        0.0,
        0.0,
        -1.0,
        0.0,
        0.0,
        0.0,
        0.0,
        -1.0,
        0.0,
        0.0,
        0.0,
        0.0,
        1.0
      ],
      "name": "a982ebc413794efa94e34bd5bc73a6eb.fbx"
    },
    {
      "children": [
        3,
        5,
        7,
        9,
        11,
        13,
        15,
        17,
        19,
        21,
        23,
        25,
        27,
        29,
        31,
        33,
        35,
        37,
        39,
        41,
        43,
        45,
        47,
        49,
        51,
        53,
        55,
        57,
        59,
        61,
        63,
        65,
        67,
        69,
        71,
        73,
        75,
        77,
        79,
        81,
        83,
        85,
        87,
        89,
        91,
        93,
        95,
        97,
        99,
        101,
        103,
        105,
        107,
        109,
        111,
        113,
        115,
        117,
        119,
        121,
        123,
        125,
        127,
        129,
        131,
        133,
        135,
        137,
        139,
        141,
        143,
        145,
        147,
        149,
        151,
        153,
        155,
        157,
        159,
        161,
        163,
        165,
        167,
        169,
        171,
        173,
        175,
        177,
        179,
        181,
        183,
        185,
        187,
        189,
        191,
        193,
        195,
        197,
        199,
        201,
        203
      ],
      "name": "RootNode"
    },
    {
      "children": [
        4
      ],
      "matrix": [
        -0.006401044477265749,
        0.07281462342003803,
        -0.9973249506784628,
        0.0,
        -0.05043443857533657,
        0.9960525754641824,
        0.07304542639180088,
        0.0,
        0.9987068609132467,
        0.05076709098783824,
        -0.002703412184977161,
        0.0,
        -0.9398835897445679,
        2.7119195461273193,
        38.350868225097656,
        1.0
      ],
      "name": "IMG_8677"
    },
    {
      "name": "Object_4"
    },
    {
      "children": [
        6
      ],
      "matrix": [
        0.06440396732428788,
        -0.2776065456264825,
        -0.9585336378125828,
        0.0,
        -0.23334603378529864,
        0.9297098401662989,
        -0.2849372590845665,
        0.0,
        0.970258603419502,
        0.24202111255691477,
        -0.004901384207637971,
        0.0,
        -3.520251512527466,
        13.10100269317627,
        34.56586837768555,
        1.0
      ],
      "name": "IMG_8678"
    },
    {
      "name": "Object_6"
    },
    {
      "children": [
        8
      ],
      "matrix": [
        0.1839731915645082,
        -0.5562248513117007,
        -0.8104121047768507,
        0.0,
        -0.336595489734901,
        0.7389856491046829,
        -0.5836126169878891,
        0.0,
        0.9235027563985345,
        0.38015013507903284,
        -0.05126922784382604,
        0.0,
        -9.643659591674805,
        21.832340240478516,
        27.281768798828125,
        1.0
      ],
      "name": "IMG_8679"
    },
    {
      "name": "Object_8"
    },
    {
      "children": [
        10
      ],
      "matrix": [
        0.32609646829439254,
        -0.7601437481140608,
        -0.5619987327112326,
        0.0,
        -0.4364757187754481,
        0.40626695364038823,
        -0.8027677804316852,
        0.0,
        0.8385404225708979,
        0.5070785388703271,
        -0.19930207006389566,
        0.0,
        -14.811406135559082,
        26.977041244506836,
        17.69510841369629,
        1.0
      ],
      "name": "IMG_8680"
    },
    {
      "name": "Object_10"
    },
    {
      "children": [
        12
      ],
      "matrix": [
        0.5349565754642669,
        -0.8194943284178754,
        -0.2055492837702903,
        0.0,
        -0.445438502290178,
        -0.0668374670077625,
        -0.8928142548601413,
        0.0,
        0.7179178247160514,
        0.5691764214151193,
        -0.4007894687489322,
        0.0,
        -20.605995178222656,
        29.829191207885742,
        5.730788707733154,
        1.0
      ],
      "name": "IMG_8681"
    },
    {
      "name": "Object_12"
    },
    {
      "children": [
        14
      ],
      "matrix": [
        0.7603703063873886,
        -0.6145223453524205,
        0.21023625811669397,
        0.0,
        -0.29464122230000933,
        -0.6148410556222563,
        -0.7315442751077104,
        0.0,
        0.5788121865388679,
        0.49430027653630687,
        -0.6485704968083461,
        0.0,
        -26.825448989868164,
        22.291601181030273,
        -5.135286331176758,
        1.0
      ],
      "name": "IMG_8682"
    },
    {
      "name": "Object_14"
    },
    {
      "children": [
        16
      ],
      "matrix": [
        0.7084521806724813,
        -0.6022606458580507,
        0.36793698122239565,
        0.0,
        -0.19475182023416426,
        -0.6679194504749248,
        -0.718300310589348,
        0.0,
        0.6783562752830445,
        0.43722502459021895,
        -0.5904803482387846,
        0.0,
        -21.412090301513672,
        9.87633991241455,
        1.3665002584457397,
        1.0
      ],
      "name": "IMG_8683"
    },
    {
      "name": "Object_16"
    },
    {
      "children": [
        18
      ],
      "matrix": [
        0.8293614633340652,
        -0.2705093765575892,
        0.488860143937714,
        0.0,
        -0.062275979796170736,
        -0.9142819009805794,
        -0.400262798520879,
        0.0,
        0.5552308218000915,
        0.30151829585244616,
        -0.7751164117662794,
        0.0,
        -28.622587203979492,
        12.210033416748047,
        -13.902300834655762,
        1.0
      ],
      "name": "IMG_8695"
    },
    {
      "name": "Object_18"
    },
    {
      "children": [
        20
      ],
      "matrix": [
        0.830039334849985,
        -0.06038032152715964,
        0.5544266582462204,
        0.0,
        0.037540413191478196,
        -0.9858182654034235,
        -0.16356364196972106,
        0.0,
        0.5564399518179904,
        0.15657766242112198,
        -0.8160012350796599,
        0.0,
        -29.789310455322266,
        4.964405059814453,
        -17.331401824951172,
        1.0
      ],
      "name": "IMG_8696"
    },
    {
      "name": "Object_20"
    },
    {
      "children": [
        22
      ],
      "matrix": [
        0.8210195549775346,
        0.1714693440793957,
        0.5445412329525403,
        0.0,
        0.16131338921633384,
        -0.9846376203691187,
        0.06683372661597772,
        0.0,
        0.5476357190724785,
        0.03296999537187519,
        -0.8360670419297416,
        0.0,
        -28.284990310668945,
        -2.68019962310791,
        -15.698537826538086,
        1.0
      ],
      "name": "IMG_8697"
    },
    {
      "name": "Object_22"
    },
    {
      "children": [
        24
      ],
      "matrix": [
        0.8151646137863992,
        0.19195320869860058,
        0.5464985069520154,
        0.0,
        0.167500614070713,
        -0.9813007842910819,
        0.09482781783654418,
        0.0,
        0.5544819173935294,
        0.0142385540002569,
        -0.8320739551647898,
        0.0,
        -28.254043579101563,
        -2.4224119186401367,
        -15.593478202819824,
        1.0
      ],
      "name": "IMG_8698"
    },
    {
      "name": "Object_24"
    },
    {
      "children": [
        26
      ],
      "matrix": [
        0.761312083251809,
        0.4841182233284667,
        0.4313159604467235,
        0.0,
        0.2923760773412764,
        -0.8500682267927915,
        0.43806419529092677,
        0.0,
        0.5787228536124339,
        -0.2073970965048646,
        -0.7887117997519963,
        0.0,
        -26.026334762573242,
        -9.380000114440918,
        -10.907585144042969,
        1.0
      ],
      "name": "IMG_8699"
    },
    {
      "name": "Object_26"
    },
    {
      "children": [
        28
      ],
      "matrix": [
        0.6670134069007778,
        0.6919100028225956,
        0.27632166583287165,
        0.0,
        0.38468720397083656,
        -0.63745253103677,
        0.6675852198602932,
        0.0,
        0.6380508366233191,
        -0.3389908828698078,
        -0.6913583088496378,
        0.0,
        -23.254640579223633,
        -15.914302825927734,
        -6.224357604980469,
        1.0
      ],
      "name": "IMG_8700"
    },
    {
      "name": "Object_28"
    },
    {
      "children": [
        30
      ],
      "matrix": [
        0.46561859129287386,
        0.8781900218404326,
        0.1094605544583998,
        0.0,
        0.43799806953347953,
        -0.3361506906267997,
        0.8337627985680764,
        0.0,
        0.7689974112618227,
        -0.34027194819882856,
        -0.5411635452814507,
        0.0,
        -18.091739654541016,
        -26.69510269165039,
        -2.4169020652770996,
        1.0
      ],
      "name": "IMG_8701"
    },
    {
      "name": "Object_30"
    },
    {
      "children": [
        32
      ],
      "matrix": [
        0.39424018896161583,
        0.9166292317605698,
        -0.06607211885157804,
        0.0,
        0.42048620439745976,
        -0.11598720200985713,
        0.8998546109685399,
        0.0,
        0.8171695205518419,
        -0.38254126633861635,
        -0.4311567629402566,
        0.0,
        -14.431365013122559,
        -27.7010555267334,
        3.615222692489624,
        1.0
      ],
      "name": "IMG_8702"
    },
    {
      "name": "Object_32"
    },
    {
      "children": [
        34
      ],
      "matrix": [
        0.31045545657241225,
        0.9149638801308773,
        -0.2577954761827001,
        0.0,
        0.40242842806659335,
        0.11918976023552141,
        0.9076591658430218,
        0.0,
        0.8612019332121044,
        -0.38553196898681313,
        -0.3312043645861047,
        0.0,
        -11.68107795715332,
        -28.316635131835938,
        10.085196495056152,
        1.0
      ],
      "name": "IMG_8703"
    },
    {
      "name": "Object_34"
    },
    {
      "children": [
        36
      ],
      "matrix": [
        0.21457189008164668,
        0.8560237362967379,
        -0.4703001880537182,
        0.0,
        0.3599103783923153,
        0.37833308665527354,
        0.8528356201914843,
        0.0,
        0.9079776558441789,
        -0.35226046959383084,
        -0.2269121813593169,
        0.0,
        -8.500385284423828,
        -26.222597122192383,
        17.302610397338867,
        1.0
      ],
      "name": "IMG_8704"
    },
    {
      "name": "Object_36"
    },
    {
      "children": [
        38
      ],
      "matrix": [
        0.14580160312611468,
        0.7467126388779554,
        -0.6489700512857084,
        0.0,
        0.2987180859441029,
        0.5921339969023214,
        0.7484282429480953,
        0.0,
        0.9431380586402749,
        -0.30298112920180653,
        -0.13672248422206068,
        0.0,
        -6.366291046142578,
        -21.964345932006836,
        22.87694549560547,
        1.0
      ],
      "name": "IMG_8705"
    },
    {
      "name": "Object_38"
    },
    {
      "children": [
        40
      ],
      "matrix": [
        0.07834159908080451,
        0.5919975201624723,
        -0.8021231389100714,
        0.0,
        0.17684705129132677,
        0.7835828290685167,
        0.5955863249257345,
        0.0,
        0.9811155458471879,
        -0.18851229697413108,
        -0.04330588397102275,
        0.0,
        -4.303382873535156,
        -16.904586791992188,
        28.750244140625,
        1.0
      ],
      "name": "IMG_8706"
    },
    {
      "name": "Object_40"
    },
    {
      "children": [
        42
      ],
      "matrix": [
        0.05146637618333261,
        0.4819915661565473,
        -0.8746629878281773,
        0.0,
        0.11196522025716843,
        0.8675171254720409,
        0.48464195698008955,
        0.0,
        0.9923784568274945,
        -0.12287459935513872,
        -0.009318329141787984,
        0.0,
        -2.7381815910339355,
        -12.878024101257324,
        32.94065475463867,
        1.0
      ],
      "name": "IMG_8707"
    },
    {
      "name": "Object_42"
    },
    {
      "children": [
        44
      ],
      "matrix": [
        0.03782895140934972,
        0.3490225144193486,
        -0.9363504978712109,
        0.0,
        0.04288163545008328,
        0.9355910604471076,
        0.3504718718422104,
        0.0,
        0.9983637291971275,
        -0.05341022411348012,
        0.020425772537473685,
        0.0,
        -2.252997636795044,
        -6.944782733917236,
        34.498470306396484,
        1.0
      ],
      "name": "IMG_8708"
    },
    {
      "name": "Object_44"
    },
    {
      "children": [
        46
      ],
      "matrix": [
        0.0425977034806837,
        0.15532762329906338,
        -0.9869441550049505,
        0.0,
        -0.03524685273806128,
        0.9874595263328921,
        0.15388743687020662,
        0.0,
        0.9984703776428387,
        0.028231423886950352,
        0.047538317966480004,
        0.0,
        -2.013878107070923,
        -0.25848254561424255,
        36.53984069824219,
        1.0
      ],
      "name": "IMG_8709"
    },
    {
      "name": "Object_46"
    },
    {
      "children": [
        48
      ],
      "matrix": [
        0.0765258130074512,
        -0.17600993645669227,
        -0.9814093448770802,
        0.0,
        -0.17272608140254186,
        0.9670736078829485,
        -0.1869072971811953,
        0.0,
        0.9819926174604732,
        0.18381822326627012,
        0.043604587469216916,
        0.0,
        -3.632977247238159,
        11.138957023620605,
        35.103328704833984,
        1.0
      ],
      "name": "IMG_8710"
    },
    {
      "name": "Object_48"
    },
    {
      "children": [
        50
      ],
      "matrix": [
        0.288458022651918,
        0.9264447270995219,
        0.24185147673156338,
        0.0,
        0.5011770303427429,
        -0.3613138433102383,
        0.7863039430711346,
        0.0,
        0.8158514285239531,
        -0.10560527572937395,
        -0.5685366939024676,
        0.0,
        -16.493038177490234,
        -2.9787521362304688,
        3.83379864692688,
        1.0
      ],
      "name": "IMG_8711"
    },
    {
      "name": "Object_50"
    },
    {
      "children": [
        52
      ],
      "matrix": [
        -0.25116055260829095,
        0.895040777020521,
        -0.36853817208533496,
        0.0,
        0.34060071264268965,
        0.43811416976318884,
        0.8318937004209155,
        0.0,
        0.9060405793124224,
        0.08341451746077394,
        -0.4148885234807014,
        0.0,
        -12.829681396484375,
        -3.3350279331207275,
        8.353511810302734,
        1.0
      ],
      "name": "IMG_8714"
    },
    {
      "name": "Object_52"
    },
    {
      "children": [
        54
      ],
      "matrix": [
        -0.3649935855049511,
        0.6738773491974509,
        -0.6423931823882142,
        0.0,
        0.21581194908716694,
        0.7324418794226406,
        0.6457198277109262,
        0.0,
        0.9056516356587884,
        0.0970474703763416,
        -0.4127673719204499,
        0.0,
        -12.149826049804688,
        -1.939831256866455,
        10.592658996582031,
        1.0
      ],
      "name": "IMG_8715"
    },
    {
      "name": "Object_54"
    },
    {
      "children": [
        56
      ],
      "matrix": [
        -0.3509573037867715,
        0.27415992968691566,
        -0.8953576402046199,
        0.0,
        -0.01736687557940514,
        0.954108561874656,
        0.29895692631227866,
        0.0,
        0.9362304003563062,
        0.12047068154344125,
        -0.3300900670076723,
        0.0,
        -12.004620552062988,
        1.476576805114746,
        12.161809921264648,
        1.0
      ],
      "name": "IMG_8716"
    },
    {
      "name": "Object_56"
    },
    {
      "children": [
        58
      ],
      "matrix": [
        -0.3003262830057243,
        -0.1359302546941371,
        -0.9441012072838127,
        0.0,
        -0.19302233610295866,
        0.9779760428522142,
        -0.07940552482340629,
        0.0,
        0.9341019759647885,
        0.1583850544272128,
        -0.31994948512658494,
        0.0,
        -12.247406005859375,
        4.251503944396973,
        12.619566917419434,
        1.0
      ],
      "name": "IMG_8717"
    },
    {
      "name": "Object_58"
    },
    {
      "children": [
        60
      ],
      "matrix": [
        0.7589348762207586,
        -0.6495518288908816,
        0.04582875996895969,
        0.0,
        -0.31505051471158885,
        -0.4278746294053155,
        -0.8471519785087127,
        0.0,
        0.569878080676687,
        0.628494807532866,
        -0.5293706169296524,
        0.0,
        -20.766456604003906,
        7.654044151306152,
        5.790399551391602,
        1.0
      ],
      "name": "IMG_8723"
    },
    {
      "name": "Object_60"
    },
    {
      "children": [
        62
      ],
      "matrix": [
        0.934197339826301,
        -0.2712564042112936,
        -0.23172244914082413,
        0.0,
        -0.3390071408409595,
        -0.4726436392426805,
        -0.8134384726224058,
        0.0,
        0.11112825347453452,
        0.8384676221881164,
        -0.5335002884928042,
        0.0,
        -21.22089195251465,
        4.212365627288818,
        7.853367328643799,
        1.0
      ],
      "name": "IMG_8724"
    },
    {
      "name": "Object_62"
    },
    {
      "children": [
        64
      ],
      "matrix": [
        0.7186950035899106,
        -0.5020433671044471,
        0.48107166759364217,
        0.0,
        -0.1963723518629768,
        -0.8102520267719187,
        -0.5522042670387481,
        0.0,
        0.6670197832438718,
        0.3023972729017693,
        -0.6809115200250846,
        0.0,
        -20.469953536987305,
        7.529520511627197,
        0.755572497844696,
        1.0
      ],
      "name": "IMG_8725"
    },
    {
      "name": "Object_64"
    },
    {
      "children": [
        66
      ],
      "matrix": [
        0.7565112439184332,
        0.027593789735445372,
        0.653398286340744,
        0.0,
        0.08375410089053234,
        -0.9949700820445819,
        -0.054952583380735685,
        0.0,
        0.6485953965370116,
        0.09629703320577537,
        -0.7550171474786269,
        0.0,
        -20.840166091918945,
        2.880450963973999,
        -0.2948732376098633,
        1.0
      ],
      "name": "IMG_8726"
    },
    {
      "name": "Object_66"
    },
    {
      "children": [
        68
      ],
      "matrix": [
        0.6275674675078813,
        0.5313943912194331,
        0.5690158826485184,
        0.0,
        0.30181432508124006,
        -0.8397517658824649,
        0.4513591528628147,
        0.0,
        0.7176818145261171,
        -0.11152117591655064,
        -0.6873833285879793,
        0.0,
        -20.080310821533203,
        -1.106913685798645,
        0.32185497879981995,
        1.0
      ],
      "name": "IMG_8727"
    },
    {
      "name": "Object_68"
    },
    {
      "children": [
        70
      ],
      "matrix": [
        0.42163217159345345,
        0.8511809352374107,
        0.3125977085100839,
        0.0,
        0.4045110592870369,
        -0.485095875468434,
        0.775275947336168,
        0.0,
        0.8115399649997945,
        -0.20043205105940598,
        -0.5488441291625992,
        0.0,
        -17.65091323852539,
        -2.7694084644317627,
        3.121655225753784,
        1.0
      ],
      "name": "IMG_8728"
    },
    {
      "name": "Object_70"
    },
    {
      "children": [
        72
      ],
      "matrix": [
        0.3096679317023967,
        0.9508140556406597,
        0.007642229473156237,
        0.0,
        0.4044940639345654,
        -0.13900379989916933,
        0.9039150932777322,
        0.0,
        0.8605174747306761,
        -0.2768222809127769,
        -0.4276436606257459,
        0.0,
        -16.34029769897461,
        -4.168620586395264,
        6.149408340454102,
        1.0
      ],
      "name": "IMG_8729"
    },
    {
      "name": "Object_72"
    },
    {
      "children": [
        74
      ],
      "matrix": [
        0.6190989331382319,
        0.7849156676157457,
        -0.024978104780615462,
        0.0,
        0.5124532470318214,
        -0.3796850584254454,
        0.7702148570464022,
        0.0,
        0.5950698955531579,
        -0.4896393071841709,
        -0.6372951971155594,
        0.0,
        -20.183698654174805,
        -1.7211811542510986,
        6.683208465576172,
        1.0
      ],
      "name": "IMG_8730"
    },
    {
      "name": "Object_74"
    },
    {
      "children": [
        76
      ],
      "matrix": [
        0.491474487171224,
        0.7784897407132622,
        -0.39039281763882405,
        0.0,
        0.41028189419538597,
        0.18843655761989586,
        0.8922782251337358,
        0.0,
        0.7681937228038436,
        -0.5987030878127835,
        -0.22678848491096293,
        0.0,
        -18.972623825073242,
        -3.1860852241516113,
        9.738551139831543,
        1.0
      ],
      "name": "IMG_8731"
    },
    {
      "name": "Object_76"
    },
    {
      "children": [
        78
      ],
      "matrix": [
        0.34400579270960996,
        0.6208621796070508,
        -0.7044076721017559,
        0.0,
        0.18618415255287163,
        0.6901954590272452,
        0.6992608166316336,
        0.0,
        0.920323571316307,
        -0.37169931701814085,
        0.12183653724497312,
        0.0,
        -18.100954055786133,
        -0.6520738005638123,
        11.493768692016602,
        1.0
      ],
      "name": "IMG_8732"
    },
    {
      "name": "Object_78"
    },
    {
      "children": [
        80
      ],
      "matrix": [
        0.26877686339390605,
        0.2726119172927062,
        -0.9238191058070452,
        0.0,
        -0.13030779957606237,
        0.9605858921996792,
        0.24554963057718304,
        0.0,
        0.9543473555649319,
        0.054382775369973976,
        0.2937067222064905,
        0.0,
        -17.958843231201172,
        1.083987832069397,
        12.250247955322266,
        1.0
      ],
      "name": "IMG_8733"
    },
    {
      "name": "Object_80"
    },
    {
      "children": [
        82
      ],
      "matrix": [
        0.3170205939917753,
        -0.1042027124802833,
        -0.9426768999486799,
        0.0,
        -0.3389814125973637,
        0.9158413694438343,
        -0.2152351921241923,
        0.0,
        0.8857705938326232,
        0.38778393562265245,
        0.2550177922702819,
        0.0,
        -18.697547912597656,
        3.3647773265838623,
        12.166573524475098,
        1.0
      ],
      "name": "IMG_8734"
    },
    {
      "name": "Object_82"
    },
    {
      "children": [
        84
      ],
      "matrix": [
        0.427728690696088,
        -0.47167499524151857,
        -0.7710842146090944,
        0.0,
        -0.5289346389443704,
        0.5611493656482667,
        -0.6366628127646033,
        0.0,
        0.7329913470704814,
        0.6801721019686572,
        -0.009465559853486738,
        0.0,
        -19.77474594116211,
        5.514430522918701,
        11.416799545288086,
        1.0
      ],
      "name": "IMG_8735"
    },
    {
      "name": "Object_84"
    },
    {
      "children": [
        86
      ],
      "matrix": [
        0.6109872707738435,
        -0.6438017697477749,
        -0.4606667301010169,
        0.0,
        -0.5527185226720492,
        0.06967490379546337,
        -0.8304502649023121,
        0.0,
        0.5667422603331761,
        0.7620135753716767,
        -0.3132706837572208,
        0.0,
        -20.731300354003906,
        6.653450965881348,
        9.499676704406738,
        1.0
      ],
      "name": "IMG_8736"
    },
    {
      "name": "Object_86"
    },
    {
      "children": [
        88
      ],
      "matrix": [
        0.032672708988734867,
        0.42375841987232765,
        -0.9051857796467229,
        0.0,
        0.08183924449996971,
        0.9014937287628718,
        0.42498399388787333,
        0.0,
        0.9961098494378076,
        -0.08796509869557259,
        -0.005225826677813572,
        0.0,
        -9.361806869506836,
        2.1032865047454834,
        10.986187934875488,
        1.0
      ],
      "name": "IMG_8739"
    },
    {
      "name": "Object_88"
    },
    {
      "children": [
        90
      ],
      "matrix": [
        0.08989573152417207,
        0.801634439213203,
        -0.5910169061211936,
        0.0,
        0.33751371608921643,
        0.5337848626822692,
        0.7753439313123687,
        0.0,
        0.9370182756517516,
        -0.26917642214466847,
        -0.2225776378165909,
        0.0,
        -9.900412559509277,
        -1.4607293605804443,
        8.168027877807617,
        1.0
      ],
      "name": "IMG_8740"
    },
    {
      "name": "Object_90"
    },
    {
      "children": [
        92
      ],
      "matrix": [
        0.13833406312819552,
        0.9659266287881161,
        -0.21874513657786698,
        0.0,
        0.4525287534566674,
        0.13481734850846006,
        0.8814998637754309,
        0.0,
        0.8809548310063344,
        -0.22092992178329685,
        -0.41845974165674193,
        0.0,
        -11.29150104522705,
        -3.567246913909912,
        5.222236156463623,
        1.0
      ],
      "name": "IMG_8741"
    },
    {
      "name": "Object_92"
    },
    {
      "children": [
        94
      ],
      "matrix": [
        0.3198075112517196,
        0.9365691097235398,
        0.14339267226269764,
        0.0,
        0.48744140672710223,
        -0.2924097997820232,
        0.8227377370701681,
        0.0,
        0.8124801725303117,
        -0.19322218222319437,
        -0.5500374146746945,
        0.0,
        -13.430832862854004,
        -3.6681032180786133,
        1.3353593349456787,
        1.0
      ],
      "name": "IMG_8742"
    },
    {
      "name": "Object_94"
    },
    {
      "children": [
        96
      ],
      "matrix": [
        0.541585124689442,
        0.7790064040045876,
        0.31596609823676136,
        0.0,
        0.486808384821817,
        -0.5970557126116713,
        0.6376065185558748,
        0.0,
        0.6853489251339753,
        -0.19150325991379505,
        -0.7025833418606608,
        0.0,
        -15.109763145446777,
        -2.6232218742370605,
        -1.7191373109817505,
        1.0
      ],
      "name": "IMG_8743"
    },
    {
      "name": "Object_96"
    },
    {
      "children": [
        98
      ],
      "matrix": [
        0.7978628705936727,
        0.36399459213513113,
        0.4805442504331978,
        0.0,
        0.2980449005345089,
        -0.9310748742541379,
        0.2104015584495893,
        0.0,
        0.5240077069980928,
        -0.02464782807917916,
        -0.8513568039180635,
        0.0,
        -16.343189239501953,
        0.8892247676849365,
        -3.6010682582855225,
        1.0
      ],
      "name": "IMG_8744"
    },
    {
      "name": "Object_98"
    },
    {
      "children": [
        100
      ],
      "matrix": [
        0.3113923116864844,
        -0.6507193342682716,
        -0.6925309929757691,
        0.0,
        -0.4346962372292209,
        0.5505066842648758,
        -0.7127282595200286,
        0.0,
        0.8450289992428096,
        0.5229787171474092,
        -0.1114416970866201,
        0.0,
        -10.940690040588379,
        12.647566795349121,
        8.97053337097168,
        1.0
      ],
      "name": "IMG_8749"
    },
    {
      "name": "Object_100"
    },
    {
      "children": [
        102
      ],
      "matrix": [
        0.15126303950686537,
        -0.29672104990501597,
        -0.9429083260966622,
        0.0,
        -0.3328951162436297,
        0.882873630551096,
        -0.33123253774148925,
        0.0,
        0.9307525634991745,
        0.36399281726538485,
        0.03476916045755796,
        0.0,
        -8.808788299560547,
        8.475072860717773,
        10.885297775268555,
        1.0
      ],
      "name": "IMG_8750"
    },
    {
      "name": "Object_102"
    },
    {
      "children": [
        104
      ],
      "matrix": [
        0.03952353730515212,
        0.291459738052087,
        -0.9557662429137667,
        0.0,
        -0.01374442989770594,
        0.9565817087792264,
        0.2911400437518038,
        0.0,
        0.999124106728326,
        0.0016295777440740178,
        0.04181344079002258,
        0.0,
        -8.316487312316895,
        4.431194305419922,
        11.395914077758789,
        1.0
      ],
      "name": "IMG_8751"
    },
    {
      "name": "Object_104"
    },
    {
      "children": [
        106
      ],
      "matrix": [
        -0.05478189715863557,
        0.6381613974607055,
        -0.7679511537426714,
        0.0,
        0.18353810738285517,
        0.7624370518548523,
        0.6204865067809296,
        0.0,
        0.9814849499009245,
        -0.10695687331761605,
        -0.15889468325938183,
        0.0,
        -6.377379417419434,
        2.6846206188201904,
        9.173821449279785,
        1.0
      ],
      "name": "IMG_8752"
    },
    {
      "name": "Object_106"
    },
    {
      "children": [
        108
      ],
      "matrix": [
        -0.06196479268196353,
        0.8373999037477542,
        -0.5430669992469931,
        0.0,
        0.31875012349887305,
        0.5322220839733862,
        0.7843073454332039,
        0.0,
        0.9458111456508295,
        -0.12450323101943189,
        -0.29990035383171443,
        0.0,
        -6.561212062835693,
        -1.739181399345398,
        7.235037803649902,
        1.0
      ],
      "name": "IMG_8753"
    },
    {
      "name": "Object_108"
    },
    {
      "children": [
        110
      ],
      "matrix": [
        0.06802195512381193,
        0.968423082240905,
        -0.2398535957707521,
        0.0,
        0.41099232679471437,
        0.1918643439743144,
        0.8912201640600221,
        0.0,
        0.9090975310366873,
        -0.15920052542102742,
        -0.3849634680962182,
        0.0,
        -7.713437080383301,
        -3.746083974838257,
        3.552264451980591,
        1.0
      ],
      "name": "IMG_8754"
    },
    {
      "name": "Object_110"
    },
    {
      "children": [
        112
      ],
      "matrix": [
        0.16770779822006865,
        0.9833426427813934,
        0.0700809624925462,
        0.0,
        0.4546098442267192,
        -0.14021940981530312,
        0.8795842237348315,
        0.0,
        0.8747593863162229,
        -0.11565363806968182,
        -0.47055313414418154,
        0.0,
        -9.233370780944824,
        -4.25899600982666,
        0.2005448341369629,
        1.0
      ],
      "name": "IMG_8755"
    },
    {
      "name": "Object_112"
    },
    {
      "children": [
        114
      ],
      "matrix": [
        -0.02517664438446454,
        0.999663510537241,
        0.006245180373489423,
        0.0,
        0.5191669070153903,
        0.007736116113447267,
        0.8546378620021186,
        0.0,
        0.8543019719265613,
        0.024759204507384336,
        -0.5191869822660715,
        0.0,
        -7.839995384216309,
        -4.706925392150879,
        -1.1967852115631104,
        1.0
      ],
      "name": "IMG_8756"
    },
    {
      "name": "Object_114"
    },
    {
      "children": [
        116
      ],
      "matrix": [
        0.3503740397191053,
        0.9057513846917075,
        0.23843754196847794,
        0.0,
        0.5079850022774933,
        -0.39764926359369035,
        0.7640852705192867,
        0.0,
        0.7868858047722365,
        -0.1465929476218109,
        -0.5994340980921087,
        0.0,
        -12.310935974121094,
        -4.70449161529541,
        -4.017935276031494,
        1.0
      ],
      "name": "IMG_8757"
    },
    {
      "name": "Object_116"
    },
    {
      "children": [
        118
      ],
      "matrix": [
        0.6730109901320329,
        0.6206911498589606,
        0.4022420958182549,
        0.0,
        0.39857698748301795,
        -0.7624732102040888,
        0.5096773379011807,
        0.0,
        0.6230510349967031,
        -0.18269400703863686,
        -0.7605460588167583,
        0.0,
        -15.151837348937988,
        -1.7936680316925049,
        -5.6045098304748535,
        1.0
      ],
      "name": "IMG_8758"
    },
    {
      "name": "Object_118"
    },
    {
      "children": [
        120
      ],
      "matrix": [
        0.8039960999728559,
        0.15460002994907596,
        0.5741855988860939,
        0.0,
        0.1468024855448306,
        -0.9873273459750207,
        0.060280528595738674,
        0.0,
        0.5762285149715322,
        0.03582656318524958,
        -0.8165030042222967,
        0.0,
        -15.777438163757324,
        2.19815731048584,
        -6.585495471954346,
        1.0
      ],
      "name": "IMG_8759"
    },
    {
      "name": "Object_120"
    },
    {
      "children": [
        122
      ],
      "matrix": [
        0.12145579308553311,
        -0.3020201014689325,
        -0.9455328384750368,
        0.0,
        -0.37789123257331164,
        0.8667808139873333,
        -0.32540626430306974,
