{
  "accessors": [
    {
      "bufferView": 2,
      "componentType": 5126,
      "count": 65532,
      "max": [
        10.96830940246582,
        15.497737884521484,
        10.851269721984863
      ],
      "min": [
        -12.573195457458496,
        1.520051121711731,
        -10.847882270812988
      ],
      "type": "VEC3"
    },
    {
      "bufferView": 2,
      "byteOffset": 786384,
      "componentType": 5126,
      "count": 65532,
      "max": [
        0.9999775886535645,
        0.9999998807907104,
        0.9999417066574097
      ],
      "min": [
        -0.9999932646751404,
        -0.998389720916748,
        -0.9999967813491821
      ],
      "type": "VEC3"
    },
    {
      "bufferView": 1,
      "componentType": 5126,
      "count": 65532,
      "max": [
        0.99853515625,
        0.9965677857398987
      ],
      "min": [
        0.00146484375,
        0.0014709234237670898
      ],
      "type": "VEC2"
    },
    {
      "bufferView": 1,
      "byteOffset": 524256,
      "componentType": 5126,
      "count": 65532,
      "max": [
        0.99853515625,
        0.9965677857398987
      ],
      "min": [
        0.00146484375,
        0.0014709234237670898
      ],
      "type": "VEC2"
    },
    {
      "bufferView": 0,
      "componentType": 5125,
      "count": 358464,
      "type": "SCALAR"
    },
    {
      "bufferView": 2,
      "byteOffset": 1572768,
      "componentType": 5126,
      "count": 43218,
      "max": [
        14.315896034240723,
        8.763126373291016,
        10.874310493469238
      ],
      "min": [
        -14.314896583557129,
        1.4089763164520264,
        -10.874311447143555
      ],
      "type": "VEC3"
    },
    {
      "bufferView": 2,
      "byteOffset": 2091384,
      "componentType": 5126,
      "count": 43218,
      "max": [
        0.9999818801879883,
        0.9999998807907104,
        0.9999726414680481
      ],
      "min": [
        -0.9999980926513672,
        -0.9647716879844666,
        -0.9999678730964661
      ],
      "type": "VEC3"
    },
    {
      "bufferView": 1,
      "byteOffset": 1048512,
      "componentType": 5126,
      "count": 43218,
      "max": [
        0.99853515625,
        0.9985290765762329
      ],
      "min": [
        0.00146484375,
        0.0014709234237670898
      ],
      "type": "VEC2"
    },
    {
      "bufferView": 1,
      "byteOffset": 1394256,
      "componentType": 5126,
      "count": 43218,
      "max": [
        0.99853515625,
        0.9985290765762329
      ],
      "min": [
        0.00146484375,
        0.0014709234237670898
      ],
      "type": "VEC2"
    },
    {
      "bufferView": 0,
      "byteOffset": 1433856,
      "componentType": 5125,
      "count": 230376,
      "type": "SCALAR"
    }
  ],
  "asset": {
    "extras": {
      "author": "Guillermo (https://sketchfab.com/guillermosainz)",
      "license": "CC-BY-NC-4.0 (http://creativecommons.org/licenses/by-nc/4.0/)",
      "source": "https://sketchfab.com/3d-models/the-traveling-moai-ahu-tongariki-rapa-nui-2ab65014a0a34a6e83f15bf3a3b78770",
      "title": "The Traveling Moai, Ahu Tongariki -Rapa Nui"
    },
    "generator": "Sketchfab-12.65.0",
    "version": "2.0"
  },
  "bufferViews": [
    {
      "buffer": 0,
      "byteLength": 2355360,
      "name": "floatBufferViews",
      "target": 34963
    },
    {
      "buffer": 0,
      "byteLength": 1740000,
      "byteOffset": 2355360,
      "byteStride": 8,
      "name": "floatBufferViews",
      "target": 34962
    },
    {
      "buffer": 0,
      "byteLength": 2610000,
      "byteOffset": 4095360,
      "byteStride": 12,
      "name": "floatBufferViews",
      "target": 34962
    }
  ],
  "buffers": [
    {
      "byteLength": 6705360,
      "uri": "scene.bin"
    }
  ],
  "extensionsUsed": [
    "KHR_materials_unlit"
  ],
  "images": [
    {
      "uri": "textures/Material_0_baseColor.jpeg"
    }
  ],
  "materials": [
    {
      "doubleSided": true,
      "extensions": {
        "KHR_materials_unlit": {}
      },
      "name": "Material_0",
      "pbrMetallicRoughness": {
        "baseColorTexture": {
          "index": 0
        },
        "metallicFactor": 0.0
      }
    }
  ],
  "meshes": [
    {
      "name": "mainMeshNode_Material_0_0",
      "primitives": [
        {
          "attributes": {
            "NORMAL": 1,
            "POSITION": 0,
            "TEXCOORD_0": 2,
            "TEXCOORD_1": 3
          },
          "indices": 4,
          "material": 0,
          "mode": 4
        }
      ]
    },
    {
      "name": "mainMeshNode_Material_0_0",
      "primitives": [
        {
          "attributes": {
            "NORMAL": 6,
            "POSITION": 5,
            "TEXCOORD_0": 7,
            "TEXCOORD_1": 8
          },
          "indices": 9,
          "material": 0,
          "mode": 4
        }
      ]
    }
  ],
  "nodes": [
    {
      "children": [
        1
      ],
      "matrix": [
        1.0,
        0.0,
        0.0,
        0.0,
        0.0,
        2.220446049250313e-16,
        -1.0,
        0.0,
        0.0,
        1.0,
        2.220446049250313e-16,
        0.0,
        0.0,
        0.0,
        0.0,
        1.0
      ],
      "name": "Sketchfab_model"
    },
    {
      "children": [
        2
      ],
      "matrix": [
        1.0,
        0.0,
        0.0,
        0.0,
        0.0,
        0.0,
        1.0,
        0.0,
        0.0,
        -1.0,
        0.0,
        0.0,
        0.0,
        0.0,
        0.0,
        1.0
      ],
      "name": "ac4956356eac47bdbb21a84f9eabdb49.fbx"
    },
    {
      "children": [
        3,
        5,
        7,
        9,
        11,
        13,
        15,
        17,
        19,
        21,
        23,
        25,
        27,
        29,
        31,
        33,
        35,
        37,
        39,
        41,
        43,
        45,
        47,
        49,
        51,
        53,
        55,
        57,
        59,
        61,
        63,
        65,
        67,
        69,
        71,
        73,
        75,
        77,
        79,
        81,
        83,
        85,
        87,
        89,
        91,
        93,
        95,
        97
      ],
      "name": "RootNode"
    },
    {
      "children": [
        4
      ],
      "matrix": [
        -0.0044168790847149975,
        0.04930128910706548,
        -0.9987741857254485,
        0.0,
        0.01901425357955146,
        0.998607497970369,
        0.04920897436618758,
        0.0,
        0.9998094565165724,
        -0.018773595546435415,
        -0.005348155784505426,
        0.0,
        -1.3026522397994995,
        6.7791266441345215,
        27.692230224609375,
        1.0
      ],
      "name": "DSC_0605_JPG"
    },
    {
      "name": "Object_4"
    },
    {
      "children": [
        6
      ],
      "matrix": [
        0.018254603800430202,
        0.07204655787860545,
        -0.9972342066625745,
        0.0,
        0.013589221087066877,
        0.997290396019961,
        0.07229937120470838,
        0.0,
        0.9997410177192573,
        -0.014871432486285658,
        0.01722608444974405,
        0.0,
        -2.193803548812866,
        7.330566883087158,
        27.022930145263672,
        1.0
      ],
      "name": "DSC_0607_JPG"
    },
    {
      "name": "Object_6"
    },
    {
      "children": [
        8
      ],
      "matrix": [
        0.24622284731331645,
        0.07297778182027113,
        -0.966461873444326,
        0.0,
        -0.0035971214985253547,
        0.9972231743401494,
        0.07438414667038187,
        0.0,
        0.9692065673414767,
        -0.014838595605681106,
        0.24580163934075572,
        0.0,
        -7.817723751068115,
        7.6324663162231445,
        24.68922996520996,
        1.0
      ],
      "name": "DSC_0608_JPG"
    },
    {
      "name": "Object_8"
    },
    {
      "children": [
        10
      ],
      "matrix": [
        0.5153971097883826,
        0.04168120985392984,
        -0.8559372032847355,
        0.0,
        0.00835798578526369,
        0.9985244236528126,
        0.05365742672204697,
        0.0,
        0.8569107090563143,
        -0.03480879362935711,
        0.5142882310442983,
        0.0,
        -14.602832794189453,
        8.558856964111328,
        19.550230026245117,
        1.0
      ],
      "name": "DSC_0609_JPG"
    },
    {
      "name": "Object_10"
    },
    {
      "children": [
        12
      ],
      "matrix": [
        0.9801181379792662,
        -0.018364537040048527,
        -0.1975631022821844,
        0.0,
        0.016482093333380403,
        0.9998017821259717,
        -0.01116857453217181,
        0.0,
        0.1977290474447442,
        0.007690268983307747,
        0.9802265470591778,
        0.0,
        -21.15433120727539,
        9.307795524597168,
        3.502960205078125,
        1.0
      ],
      "name": "DSC_0611_JPG"
    },
    {
      "name": "Object_12"
    },
    {
      "children": [
        14
      ],
      "matrix": [
        0.9055802787403558,
        -0.020687758248194004,
        0.4236701257053696,
        0.0,
        0.013842126017514455,
        0.9997192792638624,
        0.01922909814470879,
        0.0,
        -0.42394899964955063,
        -0.011548996787941128,
        0.9056124261345675,
        0.0,
        -19.65923309326172,
        9.271685600280762,
        -8.279589653015137,
        1.0
      ],
      "name": "DSC_0614_JPG"
    },
    {
      "name": "Object_14"
    },
    {
      "children": [
        16
      ],
      "matrix": [
        0.7736415012604851,
        -0.014404506521711439,
        0.6334598153942275,
        0.0,
        -0.008997796381412855,
        0.9993909994673322,
        0.03371453460994698,
        0.0,
        -0.6335596792628941,
        -0.0317827056046626,
        0.7730407443574665,
        0.0,
        -16.795333862304688,
        9.069725036621094,
        -12.538169860839844,
        1.0
      ],
      "name": "DSC_0615_JPG"
    },
    {
      "name": "Object_16"
    },
    {
      "children": [
        18
      ],
      "matrix": [
        0.5820794180957274,
        -0.0027991141244446613,
        0.8131271216663835,
        0.0,
        -0.034152233266091646,
        0.999027496254922,
        0.027887034434666766,
        0.0,
        -0.8124144114873134,
        -0.04400257591028235,
        0.5814177476831801,
        0.0,
        -12.445833206176758,
        8.832355499267578,
        -17.054868698120117,
        1.0
      ],
      "name": "DSC_0616_JPG"
    },
    {
      "name": "Object_18"
    },
    {
      "children": [
        20
      ],
      "matrix": [
        0.34634880386514566,
        -0.016380685200977577,
        0.9379627813583701,
        0.0,
        -0.014287897557189413,
        0.9996394521716525,
        0.02273371164930555,
        0.0,
        -0.9379969946884575,
        -0.021275309969656944,
        0.34598988300399314,
        0.0,
        -8.120134353637695,
        8.676414489746094,
        -19.45026969909668,
        1.0
      ],
      "name": "DSC_0617_JPG"
    },
    {
      "name": "Object_20"
    },
    {
      "children": [
        22
      ],
      "matrix": [
        0.06000011551477746,
        0.0032398297545839973,
        0.9981931123992864,
        0.0,
        -0.011838671255052243,
        0.9999267100502571,
        -0.0025338490452013526,
        0.0,
        -0.9981281641157753,
        -0.011665248871343476,
        0.060034073388713693,
        0.0,
        -3.1537041664123535,
        8.31810474395752,
        -20.414169311523438,
        1.0
      ],
      "name": "DSC_0619_JPG"
    },
    {
      "name": "Object_22"
    },
    {
      "children": [
        24
      ],
      "matrix": [
        0.2259171674280971,
        0.11745312246480642,
        0.9670399151454568,
        0.0,
        -0.009435604922871502,
        0.9929220614064096,
        -0.11839235335183487,
        0.0,
        -0.9741008175856362,
        0.0176222585304332,
        0.22542638085033873,
        0.0,
        -4.495604038238525,
        5.757124423980713,
        -19.91716957092285,
        1.0
      ],
      "name": "DSC_0620_JPG"
    },
    {
      "name": "Object_24"
    },
    {
      "children": [
        26
      ],
      "matrix": [
        0.38361494553997944,
        0.1251059640277296,
        0.9149798201725823,
        0.0,
        -0.07736436089234525,
        0.9916522004347325,
        -0.10315361863101169,
        0.0,
        -0.9202468849292984,
        -0.03121555922365745,
        0.3900913478151966,
        0.0,
        -9.071643829345703,
        6.0310845375061035,
        -18.525869369506836,
        1.0
      ],
      "name": "DSC_0621_JPG"
    },
    {
      "name": "Object_26"
    },
    {
      "children": [
        28
      ],
      "matrix": [
        0.5985636331877215,
        0.13189025210653924,
        0.7901433657409194,
        0.0,
        -0.07032353282341129,
        0.9911966889075992,
        -0.11217720191664064,
        0.0,
        -0.7979825673260972,
        0.01157952062417486,
        0.6025692797892745,
        0.0,
        -13.692333221435547,
        6.3046650886535645,
        -15.932369232177734,
        1.0
      ],
      "name": "DSC_0622_JPG"
    },
    {
      "name": "Object_28"
    },
    {
      "children": [
        30
      ],
      "matrix": [
        0.8201705055042563,
        0.10461029689032653,
        0.5624740240094741,
        0.0,
        -0.08206356876452009,
        0.9944857946247012,
        -0.06529605632277861,
        0.0,
        -0.5662030665605085,
        0.007395273774129938,
        0.8242326111864795,
        0.0,
        -17.654033660888672,
        6.562994956970215,
        -11.300680160522461,
        1.0
      ],
      "name": "DSC_0623_JPG"
    },
    {
      "name": "Object_30"
    },
    {
      "children": [
        32
      ],
      "matrix": [
        0.9615060798053927,
        0.11198886886701034,
        0.2509273834143125,
        0.0,
        -0.10300407440376388,
        0.9934879572156453,
        -0.048701535126810844,
        0.0,
        -0.2547473633886908,
        0.020980279249134898,
        0.9667800208574537,
        0.0,
        -19.89493179321289,
        6.596765518188477,
        -5.375869274139404,
        1.0
      ],
      "name": "DSC_0624_JPG"
    },
    {
      "name": "Object_32"
    },
    {
      "children": [
        34
      ],
      "matrix": [
        0.9915030210106036,
        0.11667949334108733,
        -0.05751221748910159,
        0.0,
        -0.11646550334510512,
        0.9931695718846653,
        0.007070220152302625,
        0.0,
        0.0579443341269694,
        -0.0003119552818567281,
        0.998319766821475,
        0.0,
        -20.53423309326172,
        6.540515422821045,
        0.10082042217254639,
        1.0
      ],
      "name": "DSC_0625_JPG"
    },
    {
      "name": "Object_34"
    },
    {
      "children": [
        36
      ],
      "matrix": [
        0.9193294433256595,
        0.1204637628218164,
        -0.37459559057915004,
        0.0,
        -0.10354699754212976,
        0.9924953626945202,
        0.06504594014912027,
        0.0,
        0.3796200652422672,
        -0.021010399250892993,
        0.9249038702420781,
        0.0,
        -18.947834014892578,
        6.466235637664795,
        5.8831706047058105,
        1.0
      ],
      "name": "DSC_0626_JPG"
    },
    {
      "name": "Object_36"
    },
    {
      "children": [
        38
      ],
      "matrix": [
        0.7668774708924581,
        0.12573256550856166,
        -0.62935702634373,
        0.0,
        -0.0805839062566022,
        0.9917254744690343,
        0.09993406497084041,
        0.0,
        0.6367143619316391,
        -0.02592113538802364,
        0.7706639449527799,
        0.0,
        -15.814833641052246,
        6.279495716094971,
        11.479530334472656,
        1.0
      ],
      "name": "DSC_0627_JPG"
    },
    {
      "name": "Object_38"
    },
    {
      "children": [
        40
      ],
      "matrix": [
        0.294616098812449,
        0.1698737452888133,
        -0.9403958022992683,
        0.0,
        -0.05570589933780624,
        0.9854527314704641,
        0.16056078853931838,
        0.0,
        0.9539906745348717,
        0.0050818007588740305,
        0.29979320906509477,
        0.0,
        -5.923684120178223,
        5.801326274871826,
        18.6672306060791,
        1.0
      ],
      "name": "DSC_0629_JPG"
    },
    {
      "name": "Object_40"
    },
    {
      "children": [
        42
      ],
      "matrix": [
        0.06755391421494716,
        0.1181222992544041,
        -0.9906985369390088,
        0.0,
        0.005900375200880062,
        0.9929021826230999,
        0.11878737860047736,
        0.0,
        0.9976981779309454,
        -0.013870045462698183,
        0.06637746298356306,
        0.0,
        -1.7111551761627197,
        6.468896389007568,
        22.951629638671875,
        1.0
      ],
      "name": "DSC_0630_JPG"
    },
    {
      "name": "Object_42"
    },
    {
      "children": [
        44
      ],
      "matrix": [
        -0.1492929280402,
        0.108232945219015,
        -0.9828515916487094,
        0.0,
        0.0325737118506391,
        0.9939900738215517,
        0.10451165695987086,
        0.0,
        0.9882563305810165,
        -0.01641227325643497,
        -0.1519212373340244,
        0.0,
        2.46236515045166,
        6.539606094360352,
        24.935230255126953,
        1.0
      ],
      "name": "DSC_0631_JPG"
    },
    {
      "name": "Object_44"
    },
    {
      "children": [
        46
      ],
      "matrix": [
        -0.25856359342876134,
        0.16569704461024498,
        -0.9516771288418339,
        0.0,
        0.08091045091756503,
        0.9854318508218008,
        0.14959133102635425,
        0.0,
        0.9625997959097655,
        -0.03832175352656089,
        -0.2682034230227628,
        0.0,
        7.0695648193359375,
        5.31269645690918,
        28.363630294799805,
        1.0
      ],
      "name": "DSC_0632_JPG"
    },
    {
      "name": "Object_46"
    },
    {
      "children": [
        48
      ],
      "matrix": [
        0.8542131080444398,
        0.2856000166390896,
        0.4344566681969675,
        0.0,
        -0.25185087919560545,
        0.9583317748911123,
        -0.13480112715571368,
        0.0,
        -0.4548528341051188,
        0.005730595937776237,
        0.8905481792563158,
        0.0,
        -11.20284366607666,
        9.028035163879395,
        -4.678579807281494,
        1.0
      ],
      "name": "DSC_0634_JPG"
    },
    {
      "name": "Object_48"
    },
    {
      "children": [
        50
      ],
      "matrix": [
        0.9515107885874046,
        0.3042535635165299,
        -0.04535403277844718,
        0.0,
        -0.3043484270086043,
        0.9525478292003093,
        0.004966695396991627,
        0.0,
        0.044713020242025385,
        0.009077564280752144,
        0.998958629597625,
        0.0,
        -11.760852813720703,
        9.056525230407715,
        0.1501603126525879,
        1.0
      ],
      "name": "DSC_0635_JPG"
    },
    {
      "name": "Object_50"
    },
    {
      "children": [
        52
      ],
      "matrix": [
        0.737271434236503,
        0.30475553124788723,
        -0.6029551379934232,
        0.0,
        -0.26126632054749166,
        0.9516546824837618,
        0.1615341296887622,
        0.0,
        0.6230334999070478,
        0.038437370884967764,
        0.7812501689683186,
        0.0,
        -10.620723724365234,
        9.244465827941895,
        6.333230495452881,
        1.0
      ],
      "name": "DSC_0636_JPG"
    },
    {
      "name": "Object_52"
    },
    {
      "children": [
        54
      ],
      "matrix": [
        0.4121992354653956,
        0.3000986692320726,
        -0.8602514626589616,
        0.0,
        -0.09736792007741564,
        0.9532988938812856,
        0.2859033176871427,
        0.0,
        0.9058759729794922,
        -0.034088233305002685,
        0.42216905846900044,
        0.0,
        -6.425903797149658,
        8.973465919494629,
        9.420830726623535,
        1.0
      ],
      "name": "DSC_0637_JPG"
    },
    {
      "name": "Object_54"
    },
    {
      "children": [
        56
      ],
      "matrix": [
        0.09166289765495395,
        0.005969622954341507,
        0.9957722012565325,
        0.0,
        -0.002384722303277488,
        0.9999804791247001,
        -0.005775332810454562,
        0.0,
        -0.995787239470879,
        -0.001845256436992179,
        0.09167534420796053,
        0.0,
        -7.220693588256836,
        8.235763549804688,
        -55.68547058105469,
        1.0
      ],
      "name": "DSC_0638_JPG"
    },
    {
      "name": "Object_56"
    },
    {
      "children": [
        58
      ],
      "matrix": [
        0.05703046862847483,
        0.0015889431955393796,
        0.9983711739165639,
        0.0,
        -0.006886616212945468,
        0.9999755692276233,
        -0.0011981089376295264,
        0.0,
        -0.9983486866647104,
        -0.006807070398650233,
        0.057040017772049034,
        0.0,
        -4.5291337966918945,
        9.692973136901855,
        -66.80496978759766,
        1.0
      ],
      "name": "DSC_0642_JPG"
    },
    {
      "name": "Object_58"
    },
    {
      "children": [
        60
      ],
      "matrix": [
        -0.18324400794927231,
        0.031228962378378487,
        0.9825713131673736,
        0.0,
        0.004641009063678021,
        0.9995116490052283,
        -0.030901853305588933,
        0.0,
        -0.9830565063034565,
        -0.0011024570826567888,
        -0.18329945445315166,
        0.0,
        13.314464569091797,
        6.430222034454346,
        -79.74446868896484,
        1.0
      ],
      "name": "DSC_0644_JPG"
    },
    {
      "name": "Object_60"
    },
    {
      "children": [
        62
      ],
      "matrix": [
        -0.2484927834738615,
        0.029539841159311374,
        0.9681832132120941,
        0.0,
        0.02064996383888148,
        0.9994692697290875,
        -0.02519440137525742,
        0.0,
        -0.9684136076877822,
        0.013732321416546421,
        -0.2489708974833147,
        0.0,
        20.330665588378906,
        6.031771659851074,
        -93.75987243652344,
        1.0
      ],
      "name": "DSC_0645_JPG"
    },
    {
      "name": "Object_62"
    },
    {
      "children": [
        64
      ],
      "matrix": [
        -0.3427803522892836,
        0.03990963937433827,
        0.9385674460418093,
        0.0,
        0.007935218081069902,
        0.9991845345237584,
        -0.039589118234005544,
        0.0,
        -0.9393820641243052,
        -0.006122634526939962,
        -0.34281751843803,
        0.0,
        22.46526336669922,
        5.523202419281006,
        -70.31986999511719,
        1.0
      ],
      "name": "DSC_0646_JPG"
    },
    {
      "name": "Object_64"
    },
    {
      "children": [
        66
      ],
      "matrix": [
        -0.5138323030616285,
        0.052947031468766906,
        0.8562552050580646,
        0.0,
        0.02141394499630186,
        0.9985742436744274,
        -0.048897063610615965,
        0.0,
        -0.8576233481488703,
        -0.006789088944083182,
        -0.5142335082248444,
        0.0,
        26.94556427001953,
        5.353623390197754,
        -49.60047149658203,
        1.0
      ],
      "name": "DSC_0648_JPG"
    },
    {
      "name": "Object_66"
    },
    {
      "children": [
        68
      ],
      "matrix": [
        -0.6119782307184432,
        0.06482304149140675,
        0.7882135614276927,
        0.0,
        0.009302596277253754,
        0.9971563682692778,
        -0.07478394829458355,
        0.0,
        -0.7908198953170223,
        -0.0384337158212406,
        -0.6108410125875192,
        0.0,
        30.593360900878906,
        5.379273414611816,
        -43.56657028198242,
        1.0
      ],
      "name": "DSC_0649_JPG"
    },
    {
      "name": "Object_68"
    },
    {
      "children": [
        70
      ],
      "matrix": [
        -0.853287466869759,
        0.10109788900841624,
        0.5115463964500508,
        0.0,
        0.0682701348545886,
        0.9942403649398347,
        -0.08261528557864156,
        0.0,
        -0.5169523068619841,
        -0.03557124628609695,
        -0.8552748089752951,
        0.0,
        38.97726058959961,
        5.329554080963135,
        -26.69516944885254,
        1.0
      ],
      "name": "DSC_0651_JPG"
    },
    {
      "name": "Object_70"
    },
    {
      "children": [
        72
      ],
      "matrix": [
        -0.8488015655436694,
        0.18233877807635254,
        0.4962745936880498,
        0.0,
        0.16333398736696594,
        0.9831677524568602,
        -0.08187294485807883,
        0.0,
        -0.5028497896006561,
        0.011564624444782269,
        -0.8642964471522645,
        0.0,
        38.720462799072266,
        2.0048534870147705,
        -26.201969146728516,
        1.0
      ],
      "name": "DSC_0652_JPG"
    },
    {
      "name": "Object_72"
    },
    {
      "children": [
        74
      ],
      "matrix": [
        -0.6599577196551261,
        0.11896851276156079,
        0.7418236321652932,
        0.0,
        0.036640220497991934,
        0.9913047552520643,
        -0.1263818675938262,
        0.0,
        -0.7504087569514793,
        -0.05622610768982002,
        -0.6585782582993369,
        0.0,
        31.289661407470703,
        2.1154887676239014,
        -40.173667907714844,
        1.0
      ],
      "name": "DSC_0654_JPG"
    },
    {
      "name": "Object_74"
    },
    {
      "children": [
        76
      ],
      "matrix": [
        -0.4823650797070316,
        0.12125994063724907,
        0.8675367177681185,
        0.0,
        0.06486575326930949,
        0.9925978557402285,
        -0.10267390531535046,
        0.0,
        -0.8735653174960841,
        0.006747116165542119,
        -0.48666016119199096,
        0.0,
        26.55416488647461,
        2.253833293914795,
        -50.92826843261719,
        1.0
      ],
      "name": "DSC_0655_JPG"
    },
    {
      "name": "Object_76"
    },
    {
      "children": [
        78
      ],
      "matrix": [
        -0.3979689530971431,
        0.12327266203408495,
        0.9090789642081671,
        0.0,
        0.048733182576593856,
        0.9923725467616347,
        -0.11323341092532493,
        0.0,
        -0.916103590914652,
        -0.000761070862272735,
        -0.4009409326626834,
        0.0,
        21.212764739990234,
        2.6365480422973633,
        -56.31047058105469,
        1.0
      ],
      "name": "DSC_0656_JPG"
    },
    {
      "name": "Object_78"
    },
    {
      "children": [
        80
      ],
      "matrix": [
        -0.9606751782686016,
        0.09481768060249801,
        0.26098430853933263,
        0.0,
        0.09293090979859536,
        0.9954798239282135,
        -0.01958995037916954,
        0.0,
        -0.2616620871708323,
        0.005433930162935741,
        -0.9651442506384154,
        0.0,
        108.64045715332031,
        -0.5659760236740112,
        -31.496068954467773,
        1.0
      ],
      "name": "DSC_0658_JPG"
    },
    {
      "name": "Object_80"
    },
    {
      "children": [
        82
      ],
      "matrix": [
        -0.9743450944381886,
        0.08585520475471123,
        0.2080397095767154,
        0.0,
        0.0915724656783424,
        0.9956358968934514,
        0.017990118030780797,
        0.0,
        -0.20558725756677207,
        0.036579292416601364,
        -0.9779549247754082,
        0.0,
        108.970458984375,
        -0.4132155179977417,
        -24.45026969909668,
        1.0
      ],
      "name": "DSC_0659_JPG"
    },
    {
      "name": "Object_82"
    },
    {
      "children": [
        84
      ],
      "matrix": [
        -0.9860453739762973,
        0.12080066833593568,
        0.11455007197524904,
        0.0,
        0.11939833719433644,
        0.992663643806386,
        -0.019050651964065114,
        0.0,
        -0.11601102333472886,
        -0.005107719121062578,
        -0.9932347928210172,
        0.0,
        107.45845794677734,
        -1.5296250581741333,
        -12.487469673156738,
        1.0
      ],
      "name": "DSC_0661_JPG"
    },
    {
      "name": "Object_84"
    },
    {
      "children": [
        86
      ],
      "matrix": [
        -0.34113581281860217,
        0.1690515321303949,
        -0.9246880212790461,
        0.0,
        0.05623496963531697,
        0.9856043119697949,
        0.15944205347605833,
        0.0,
        0.9383304244255893,
        0.002391591711253735,
        -0.3457315358574917,
        0.0,
        23.354164123535156,
        -3.80971097946167,
        84.52342987060547,
        1.0
      ],
      "name": "DSC_0664_JPG"
    },
    {
      "name": "Object_86"
    },
    {
      "children": [
        88
      ],
      "matrix": [
        -0.0024599537293839013,
        0.14930762295779065,
        -0.9887877337196005,
        0.0,
        0.0006422075326918547,
        0.9887907574672978,
        0.14930648183093856,
        0.0,
        0.9999967680933446,
        -0.00026771989402685215,
        -0.0025282659915637495,
        0.0,
        -2.9926722049713135,
        -1.3145209550857544,
        80.99482727050781,
        1.0
      ],
      "name": "DSC_0666_JPG"
    },
    {
      "name": "Object_88"
    },
    {
      "children": [
        90
      ],
      "matrix": [
        0.1727312159285087,
        0.10583198030964827,
        -0.9792668272680317,
        0.0,
        -0.018254028008207863,
        0.9943840177679213,
        0.10424593838227869,
        0.0,
        0.9847998362638645,
        -0.00013096359991988243,
        0.17369302042166523,
        0.0,
        -15.35373306274414,
        0.810793936252594,
        78.14173126220703,
        1.0
      ],
      "name": "DSC_0667_JPG"
    },
    {
      "name": "Object_90"
    },
    {
      "children": [
        92
      ],
      "matrix": [
        0.4480124988445733,
        0.07715477708184687,
        -0.8906918329324075,
        0.0,
        -0.0204219175202191,
        0.996892398398632,
        0.07608213522122369,
        0.0,
        0.8937940177489657,
        -0.015896112369812754,
        0.44819590297958745,
        0.0,
        -34.65193176269531,
        4.892118453979492,
        66.12653350830078,
        1.0
      ],
      "name": "DSC_0669_JPG"
    },
    {
      "name": "Object_92"
    },
    {
      "children": [
        94
      ],
      "matrix": [
        0.6514549584129397,
        0.04785839014541193,
        -0.7571763411860442,
        0.0,
        -0.03963813869899001,
        0.9987924126863088,
        0.029026441751303464,
        0.0,
        0.7576511434160678,
        0.011103641427555185,
        0.6525652871762131,
        0.0,
        -46.01753234863281,
        7.546597957611084,
        53.14543151855469,
        1.0
      ],
      "name": "DSC_0670_JPG"
    },
    {
      "name": "Object_94"
    },
    {
      "children": [
        96
      ],
      "matrix": [
        0.7040849607056294,
        0.012758155642629627,
        -0.7100011250503417,
        0.0,
        -0.020198958364879848,
        0.9997938473732293,
        -0.0020651478421192093,
        0.0,
        0.7098284089758076,
        0.015795322701179518,
        0.7041975131961482,
        0.0,
        -49.610931396484375,
        8.745457649230957,
        44.12133026123047,
        1.0
      ],
      "name": "DSC_0671_JPG"
    },
    {
      "name": "Object_96"
    },
    {
      "children": [
        98,
        99
      ],
      "name": "mainMeshNode"
    },
    {
      "mesh": 0,
      "name": "mainMeshNode_Material_0_0"
    },
    {
      "mesh": 1,
      "name": "mainMeshNode_Material_0_0"
    }
  ],
  "samplers": [
    {
      "magFilter": 9729,
      "minFilter": 9987,
      "wrapS": 10497,
      "wrapT": 10497
    }
  ],
  "scene": 0,
  "scenes": [
    {
      "name": "Sketchfab_Scene",
      "nodes": [
        0
      ]
    }
  ],
  "textures": [
    {
      "sampler": 0,
      "source": 0
    }
  ]
}
